1.33594
1.44943
1.52818
1.54949
1.55307
1.55359
1.55369
1.55371
1.55371
1.55371
1.55371
1.55372
1.55372
1.55372
1.55372
1.55372
1.55372
1.55372
1.55372
1.55372
1.55372
1.55373
1.55373
1.55372
1.55373
1.55373
1.55373
1.55373
1.55373
1.55373
1.55373
1.55374
1.55373
1.55374
1.55374
1.55374
1.55374
1.55374
1.55374
1.55375
1.55374
1.55374
1.55375
1.55375
1.55375
1.55375
1.55375
1.55375
1.55375
1.55375
1.55375
1.55375
1.55375
1.55376
1.55376
1.55376
1.55376
1.55376
1.55376
1.55376
1.55376
1.55376
1.55376
1.55376
1.55376
1.55376
1.55377
1.55376
1.55376
1.55377
1.55377
1.55377
1.55377
1.55377
1.55377
1.55377
1.55377
1.55377
1.55377
1.55377
1.55377
1.55377
1.55377
1.55378
1.55378
1.55378
1.55378
1.55378
1.55378
1.55378
1.55378
1.55378
1.55378
1.55378
1.55378
1.55378
1.55378
1.55378
1.55378
1.55378
1.55378
1.55378
1.55379
1.55379
1.55379
1.55379
1.55379
1.55379
1.55379
1.55379
1.55379
1.55379
1.55379
1.55379
1.55379
1.55379
1.55379
1.55379
1.55379
1.55379
1.5538
1.55379
1.5538
1.55379
1.5538
1.5538
1.5538
1.5538
1.5538
1.5538
1.5538
1.5538
1.5538
1.5538
1.5538
1.55381
1.5538
1.55381
1.55381
1.55381
1.55381
1.55381
1.55381
1.55381
1.55381
1.55381
1.55381
1.55381
1.55381
1.55381
1.55381
1.55381
1.55381
1.55381
1.55381
1.55381
1.55381
1.55381
1.55381
1.55381
1.55381
1.55381
1.55381
1.55382
1.55382
1.55382
1.55382
1.55382
1.55382
1.55382
1.55382
1.55382
1.55382
1.55382
1.55382
1.55382
1.55382
1.55382
1.55382
1.55382
1.55382
1.55382
1.55382
1.55382
1.55382
1.55382
1.55382
1.55383
1.55382
1.55383
1.55383
1.55383
1.55383
1.55383
1.55383
1.55383
1.55383
1.55383
1.55383
1.55383
1.55383
1.55383
1.55383
1.55383
1.55383
1.55383
1.55383
1.55383
1.55383
1.55383
1.55383
1.55383
1.55383
1.55383
1.55384
1.55383
1.55384
1.55384
1.55384
1.55384
1.55384
1.55384
1.55384
1.55384
1.55384
1.55384
1.55385
1.55384
1.55385
1.55384
1.55385
1.55385
1.55385
1.55385
1.55385
1.55385
1.55385
1.55385
1.55385
1.55385
1.55385
1.55385
1.55386
1.55386
1.55385
1.55385
1.55385
1.55385
1.55386
1.55386
1.55386
1.55386
1.55386
1.55386
1.55386
1.55386
1.55386
1.55386
1.55386
1.55386
1.55386
1.55386
1.55386
1.55386
1.55386
1.55386
1.55386
1.55386
1.55386
1.55386
1.55386
1.55386
1.55386
1.55386
1.55386
1.55386
1.55386
1.55387
1.55387
1.55387
1.55387
1.55387
1.55387
1.55387
1.55387
1.55387
1.55387
1.55387
1.55387
1.55387
1.55387
1.55387
1.55387
1.55387
1.55387
1.55387
1.55387
1.55387
1.55387
1.55387
1.55387
1.55387
1.55387
1.55387
1.55387
1.55387
1.55387
1.55387
1.55387
1.55387
1.55387
1.55388
1.55388
1.55388
1.55388
1.55388
1.55388
1.55388
1.55388
1.55388
1.55388
1.55388
1.55388
1.55388
1.55388
1.55388
1.55388
1.55388
1.55388
1.55388
1.55388
1.55388
1.55388
1.55388
1.55389
1.55388
1.55389
1.55388
1.55389
1.55389
1.55389
1.55389
1.55389
1.55389
1.55389
1.55389
1.55389
1.55389
1.55389
1.55389
1.55389
1.55389
1.55389
1.55389
1.5539
1.5539
1.5539
1.5539
1.5539
1.5539
1.5539
1.5539
1.5539
1.5539
1.5539
1.5539
1.5539
1.5539
1.5539
1.5539
1.5539
1.5539
1.5539
1.5539
1.5539
1.55391
1.55391
1.55391
1.55391
1.55391
1.55391
1.55391
1.55391
1.55391
1.55391
1.55391
1.55391
1.55391
1.55391
1.55391
1.55391
1.55391
1.55391
1.55391
1.55392
1.55391
1.55392
1.55392
1.55392
1.55392
1.55392
1.55392
1.55392
1.55392
1.55392
1.55392
1.55392
1.55392
1.55392
1.55392
1.55392
1.55392
1.55392
1.55393
1.55393
1.55393
1.55393
1.55393
1.55393
1.55393
1.55393
1.55393
1.55393
1.55393
1.55393
1.55393
1.55393
1.55393
1.55393
1.55393
1.55393
1.55393
1.55393
1.55394
1.55394
1.55394
1.55394
1.55394
1.55394
1.55394
1.55394
1.55394
1.55394
1.55394
1.55394
1.55394
1.55394
1.55394
1.55394
1.55394
1.55394
1.55395
1.55395
1.55395
1.55395
1.55395
1.55395
1.55395
1.55395
1.55395
1.55395
1.55395
1.55395
1.55395
1.55395
1.55396
1.55396
1.55396
1.55396
1.55396
1.55396
1.55396
1.55396
1.55396
1.55396
1.55396
1.55396
1.55396
1.55396
1.55396
1.55397
1.55396
1.55397
1.55397
1.55397
1.55397
1.55397
1.55397
1.55397
1.55397
1.55397
1.55397
1.55398
1.55397
1.55397
1.55397
1.55398
1.55398
1.55398
1.55398
1.55398
1.55398
1.55398
1.55398
1.55398
1.55398
1.55398
1.55398
1.55398
1.55398
1.55398
1.55398
1.55398
1.55398
1.55399
1.55399
1.55399
1.55399
1.55399
1.55399
1.55399
1.55399
1.55399
1.55399
1.55399
1.55399
1.55399
1.55399
1.55399
1.55399
1.55399
1.55399
1.55399
1.55399
1.55399
1.55399
1.55399
1.554
1.554
1.554
1.554
1.554
1.554
1.554
1.554
1.554
1.554
1.554
1.554
1.554
1.554
1.554
1.554
1.554
1.554
1.554
1.554
1.554
1.554
1.554
1.554
1.554
1.55401
1.55401
1.55401
1.55401
1.55401
1.55401
1.55401
1.55401
1.55401
1.55401
1.55401
1.55401
1.55401
1.55401
1.55401
1.55401
1.55401
1.55401
1.55401
1.55401
