0.515936
0.62943
0.708181
0.729486
0.733068
0.733595
0.733686
0.733706
0.733712
0.733714
0.733715
0.733716
0.733717
0.733718
0.733718
0.73372
0.733719
0.733722
0.733723
0.733722
0.733725
0.733726
0.733727
0.733723
0.733727
0.733729
0.733727
0.733731
0.733729
0.733733
0.733732
0.733736
0.733733
0.733739
0.733737
0.73374
0.733739
0.733743
0.733741
0.733747
0.733744
0.733743
0.73375
0.733747
0.733747
0.733747
0.733753
0.733751
0.733752
0.733752
0.733752
0.733753
0.733754
0.733755
0.733756
0.733756
0.733757
0.733757
0.733759
0.733759
0.73376
0.733762
0.733761
0.733762
0.733762
0.733763
0.733765
0.733765
0.733765
0.733766
0.733766
0.733767
0.733769
0.733768
0.73377
0.73377
0.73377
0.73377
0.733771
0.733771
0.733773
0.733773
0.733774
0.733776
0.733775
0.733777
0.733776
0.733777
0.733778
0.733778
0.733778
0.733779
0.733779
0.73378
0.73378
0.733783
0.733783
0.733783
0.733784
0.733784
0.733785
0.733785
0.733786
0.733786
0.733786
0.733787
0.733787
0.733788
0.733788
0.733788
0.733789
0.73379
0.73379
0.733791
0.733789
0.733792
0.733793
0.73379
0.733794
0.733791
0.733795
0.733793
0.733796
0.733794
0.733798
0.733799
0.7338
0.733797
0.733797
0.733801
0.733799
0.733803
0.733801
0.733805
0.733802
0.733806
0.733804
0.733808
0.733806
0.733806
0.733806
0.73381
0.733809
0.733809
0.733808
0.733809
0.733809
0.73381
0.73381
0.73381
0.733811
0.733811
0.733811
0.733811
0.733812
0.733812
0.733813
0.733813
0.733813
0.733813
0.733814
0.733814
0.733815
0.733815
0.733816
0.733816
0.733816
0.733817
0.733817
0.733818
0.733817
0.733818
0.733818
0.733819
0.733819
0.733819
0.73382
0.733821
0.733821
0.733821
0.733822
0.733822
0.733823
0.733824
0.733824
0.733824
0.733825
0.733825
0.733825
0.733826
0.733826
0.733826
0.733827
0.733827
0.733828
0.733828
0.733828
0.733829
0.733829
0.733828
0.733829
0.73383
0.73383
0.73383
0.733831
0.733829
0.733832
0.733832
0.733833
0.733833
0.733833
0.733834
0.733835
0.733833
0.733835
0.733834
0.733837
0.733836
0.733838
0.733839
0.733837
0.733841
0.733839
0.733843
0.733844
0.733842
0.733845
0.733843
0.733847
0.733844
0.733847
0.733846
0.733849
0.733848
0.733847
0.733851
0.733849
0.733852
0.733851
0.733854
0.733853
0.733852
0.733856
0.733855
0.733855
0.733854
0.733855
0.733855
0.733859
0.733857
0.733857
0.733858
0.733858
0.733857
0.733858
0.733858
0.733858
0.733858
0.733859
0.733859
0.73386
0.73386
0.73386
0.733861
0.733861
0.733861
0.733861
0.733862
0.733862
0.733862
0.733863
0.733863
0.733863
0.733864
0.733864
0.733864
0.733865
0.733865
0.733865
0.733866
0.733866
0.733866
0.733867
0.733867
0.733867
0.733868
0.733868
0.733868
0.733868
0.733868
0.733869
0.733869
0.733869
0.73387
0.73387
0.73387
0.733871
0.733871
0.733872
0.733872
0.733872
0.733872
0.733873
0.733873
0.733874
0.733874
0.733874
0.733874
0.733874
0.733874
0.733875
0.733875
0.733875
0.733876
0.733876
0.733876
0.733877
0.733877
0.733877
0.733877
0.733877
0.733878
0.733876
0.733879
0.73388
0.733879
0.733881
0.733882
0.733882
0.733883
0.733881
0.733884
0.733882
0.733885
0.733886
0.733884
0.733887
0.733885
0.733888
0.733886
0.73389
0.733889
0.733892
0.73389
0.73389
0.733893
0.733891
0.733891
0.733891
0.733895
0.733893
0.733893
0.733893
0.733894
0.733897
0.733896
0.733896
0.733896
0.733896
0.733897
0.733897
0.733898
0.733902
0.7339
0.733901
0.733901
0.733902
0.733902
0.733902
0.733903
0.733904
0.733904
0.733904
0.733905
0.733905
0.733906
0.733907
0.733906
0.733907
0.733907
0.733909
0.733909
0.733909
0.73391
0.73391
0.73391
0.73391
0.733912
0.733912
0.733912
0.733914
0.733914
0.733914
0.733914
0.733915
0.733915
0.733916
0.733916
0.733917
0.733918
0.733919
0.733919
0.733919
0.733919
0.733921
0.733922
0.733921
0.733922
0.733923
0.733923
0.733924
0.733925
0.733925
0.733926
0.733927
0.733927
0.733928
0.733928
0.733929
0.733929
0.73393
0.73393
0.73393
0.73393
0.733931
0.733931
0.733931
0.733931
0.733932
0.733933
0.733933
0.733934
0.733934
0.733935
0.733936
0.733937
0.733937
0.733938
0.733938
0.733938
0.733939
0.733939
0.73394
0.733941
0.733941
0.733942
0.733943
0.733943
0.733943
0.733944
0.733944
0.733945
0.733946
0.733947
0.733945
0.733948
0.733949
0.73395
0.73395
0.733951
0.733951
0.73395
0.733953
0.733953
0.733953
0.733955
0.733956
0.733957
0.733955
0.733959
0.733957
0.73396
0.733959
0.733962
0.73396
0.73396
0.733964
0.733962
0.733965
0.733964
0.733967
0.733965
0.733968
0.733966
0.733967
0.73397
0.733969
0.73397
0.733972
0.733971
0.733972
0.733972
0.733976
0.733974
0.733974
0.733975
0.733978
0.733977
0.733977
0.73398
0.733979
0.733979
0.733979
0.73398
0.733981
0.733985
0.733983
0.733983
0.733983
0.733983
0.733985
0.733985
0.733985
0.733985
0.733986
0.733986
0.733987
0.733987
0.733988
0.733988
0.733988
0.733988
0.733989
0.733989
0.733989
0.73399
0.73399
0.73399
0.73399
0.733991
0.733991
0.733992
0.733993
0.733993
0.733994
0.733994
0.733994
0.733995
0.733996
0.733996
0.733996
0.733996
0.733996
0.733998
0.733997
0.733997
0.733998
0.733998
0.733999
0.733999
0.733999
0.733999
0.733999
0.733999
0.734001
0.734001
0.734001
0.734002
0.734003
0.734003
0.734004
0.734004
0.734005
0.734005
0.734006
0.734006
0.734006
0.734007
0.734007
0.734008
0.734008
0.734008
0.734009
0.73401
0.73401
0.73401
0.73401
0.73401
0.73401
0.73401
0.73401
0.734011
