1.04594
1.15943
1.23818
1.25949
1.26307
1.26359
1.26369
1.26371
1.26371
1.26371
1.26371
1.26372
1.26372
1.26372
1.26372
1.26372
1.26372
1.26372
1.26372
1.26372
1.26372
1.26373
1.26373
1.26372
1.26373
1.26373
1.26373
1.26373
1.26373
1.26373
1.26373
1.26374
1.26373
1.26374
1.26374
1.26374
1.26374
1.26374
1.26374
1.26375
1.26374
1.26374
1.26375
1.26375
1.26375
1.26375
1.26375
1.26375
1.26375
1.26375
1.26375
1.26375
1.26375
1.26376
1.26376
1.26376
1.26376
1.26376
1.26376
1.26376
1.26376
1.26376
1.26376
1.26376
1.26376
1.26376
1.26377
1.26376
1.26376
1.26377
1.26377
1.26377
1.26377
1.26377
1.26377
1.26377
1.26377
1.26377
1.26377
1.26377
1.26377
1.26377
1.26377
1.26378
1.26378
1.26378
1.26378
1.26378
1.26378
1.26378
1.26378
1.26378
1.26378
1.26378
1.26378
1.26378
1.26378
1.26378
1.26378
1.26378
1.26378
1.26378
1.26379
1.26379
1.26379
1.26379
1.26379
1.26379
1.26379
1.26379
1.26379
1.26379
1.26379
1.26379
1.26379
1.26379
1.26379
1.26379
1.26379
1.26379
1.2638
1.26379
1.2638
1.26379
1.2638
1.2638
1.2638
1.2638
1.2638
1.2638
1.2638
1.2638
1.2638
1.2638
1.2638
1.26381
1.2638
1.26381
1.26381
1.26381
1.26381
1.26381
1.26381
1.26381
1.26381
1.26381
1.26381
1.26381
1.26381
1.26381
1.26381
1.26381
1.26381
1.26381
1.26381
1.26381
1.26381
1.26381
1.26381
1.26381
1.26381
1.26381
1.26381
1.26382
1.26382
1.26382
1.26382
1.26382
1.26382
1.26382
1.26382
1.26382
1.26382
1.26382
1.26382
1.26382
1.26382
1.26382
1.26382
1.26382
1.26382
1.26382
1.26382
1.26382
1.26382
1.26382
1.26382
1.26383
1.26382
1.26383
1.26383
1.26383
1.26383
1.26383
1.26383
1.26383
1.26383
1.26383
1.26383
1.26383
1.26383
1.26383
1.26383
1.26383
1.26383
1.26383
1.26383
1.26383
1.26383
1.26383
1.26383
1.26383
1.26383
1.26383
1.26384
1.26383
1.26384
1.26384
1.26384
1.26384
1.26384
1.26384
1.26384
1.26384
1.26384
1.26384
1.26385
1.26384
1.26385
1.26384
1.26385
1.26385
1.26385
1.26385
1.26385
1.26385
1.26385
1.26385
1.26385
1.26385
1.26385
1.26385
1.26386
1.26386
1.26385
1.26385
1.26385
1.26385
1.26386
1.26386
1.26386
1.26386
1.26386
1.26386
1.26386
1.26386
1.26386
1.26386
1.26386
1.26386
1.26386
1.26386
1.26386
1.26386
1.26386
1.26386
1.26386
1.26386
1.26386
1.26386
1.26386
1.26386
1.26386
1.26386
1.26386
1.26386
1.26386
1.26387
1.26387
1.26387
1.26387
1.26387
1.26387
1.26387
1.26387
1.26387
1.26387
1.26387
1.26387
1.26387
1.26387
1.26387
1.26387
1.26387
1.26387
1.26387
1.26387
1.26387
1.26387
1.26387
1.26387
1.26387
1.26387
1.26387
1.26387
1.26387
1.26387
1.26387
1.26387
1.26387
1.26387
1.26388
1.26388
1.26388
1.26388
1.26388
1.26388
1.26388
1.26388
1.26388
1.26388
1.26388
1.26388
1.26388
1.26388
1.26388
1.26388
1.26388
1.26388
1.26388
1.26388
1.26388
1.26388
1.26388
1.26389
1.26388
1.26389
1.26388
1.26389
1.26389
1.26389
1.26389
1.26389
1.26389
1.26389
1.26389
1.26389
1.26389
1.26389
1.26389
1.26389
1.26389
1.26389
1.26389
1.2639
1.2639
1.2639
1.2639
1.2639
1.2639
1.2639
1.2639
1.2639
1.2639
1.2639
1.2639
1.2639
1.2639
1.2639
1.2639
1.2639
1.2639
1.2639
1.2639
1.2639
1.26391
1.26391
1.26391
1.26391
1.26391
1.26391
1.26391
1.26391
1.26391
1.26391
1.26391
1.26391
1.26391
1.26391
1.26391
1.26391
1.26391
1.26391
1.26391
1.26392
1.26391
1.26392
1.26392
1.26392
1.26392
1.26392
1.26392
1.26392
1.26392
1.26392
1.26392
1.26392
1.26392
1.26392
1.26392
1.26392
1.26392
1.26392
1.26393
1.26393
1.26393
1.26393
1.26393
1.26393
1.26393
1.26393
1.26393
1.26393
1.26393
1.26393
1.26393
1.26393
1.26393
1.26393
1.26393
1.26393
1.26393
1.26393
1.26394
1.26394
1.26394
1.26394
1.26394
1.26394
1.26394
1.26394
1.26394
1.26394
1.26394
1.26394
1.26394
1.26394
1.26394
1.26394
1.26394
1.26394
1.26395
1.26395
1.26395
1.26395
1.26395
1.26395
1.26395
1.26395
1.26395
1.26395
1.26395
1.26395
1.26395
1.26395
1.26396
1.26396
1.26396
1.26396
1.26396
1.26396
1.26396
1.26396
1.26396
1.26396
1.26396
1.26396
1.26396
1.26396
1.26396
1.26397
1.26396
1.26397
1.26397
1.26397
1.26397
1.26397
1.26397
1.26397
1.26397
1.26397
1.26397
1.26398
1.26397
1.26397
1.26397
1.26398
1.26398
1.26398
1.26398
1.26398
1.26398
1.26398
1.26398
1.26398
1.26398
1.26398
1.26398
1.26398
1.26398
1.26398
1.26398
1.26398
1.26398
1.26399
1.26399
1.26399
1.26399
1.26399
1.26399
1.26399
1.26399
1.26399
1.26399
1.26399
1.26399
1.26399
1.26399
1.26399
1.26399
1.26399
1.26399
1.26399
1.26399
1.26399
1.26399
1.26399
1.264
1.264
1.264
1.264
1.264
1.264
1.264
1.264
1.264
1.264
1.264
1.264
1.264
1.264
1.264
1.264
1.264
1.264
1.264
1.264
1.264
1.264
1.264
1.264
1.264
1.26401
1.26401
1.26401
1.26401
1.26401
1.26401
1.26401
1.26401
1.26401
1.26401
1.26401
1.26401
1.26401
1.26401
1.26401
1.26401
1.26401
1.26401
1.26401
1.26401
