-3.25911
-3.37758
-2.05615
-1.0622
-0.551424
-0.307292
-0.154991
-0.088415
-0.0540211
-0.0186239
-0.0105646
0.000627732
0.00270117
0.00196767
0.0016633
0.00193479
-0.000851569
0.000965824
0.00547696
0.00726741
0.00731966
0.00412738
0.00222341
0.00564841
0.00296879
0.00333683
0.00347764
0.00436905
0.00248306
0.0092054
0.00506202
0.00578839
0.0029965
0.00252808
0.00684116
0.000119886
0.00657031
0.00520338
0.0045987
0.00385045
0.00531605
0.00403963
0.00516835
0.000837689
0.00164456
0.00123937
0.00465306
0.00264544
0.00358583
0.00358875
0.00254397
4.50831e-05
0.00341796
-0.0118255
0.00642876
0.00633037
0.00458617
-0.0110259
0.0151202
0.0100341
0.00939562
0.00812512
0.00583533
-0.0115141
0.0105407
0.00636725
0.00490298
0.00585376
-0.0112123
0.00994998
0.00663801
0.00344161
-0.00864324
0.0146196
0.00665925
0.000537904
0.0100622
0.0057029
-0.000891444
0.0127464
0.00533502
-0.00772976
0.00255359
0.00454938
0.0136057
-0.00446966
0.0136781
-0.00450983
0.0124827
-0.00627266
0.0210122
-0.00820983
