-0.128191
-0.125111
-0.0789512
-0.00407201
0.0888621
0.194933
0.319502
0.446073
0.580981
0.72594
0.871127
1.0166
1.15456
1.30121
1.43111
1.5
1.5
1.5
1.5
1.5
1.5
1.5
1.5
1.5
1.5
1.5
1.5
1.5
1.5
1.5
1.5
1.5
1.5
1.5
1.5
1.5
1.5
1.5
1.5
1.5
1.5
1.5
1.5
1.5
1.5
1.5
1.5
1.5
1.5
1.5
1.5
1.5
1.5
1.5
1.5
1.44889
1.1466
0.855322
0.585328
0.325778
0.0875028
-0.12551
-0.31478
-0.480146
-0.624252
-0.745162
-0.843883
-0.92846
-0.995328
-1.04685
-1.08633
-1.11591
-1.13617
-1.15279
-1.1601
-1.16632
-1.16227
-1.14621
-1.11024
-1.05661
-0.991373
-0.921241
-0.839962
-0.75147
-0.665615
-0.570042
-0.474551
-0.38683
-0.292186
-0.205126
-0.121718
-0.0417415
0.0373662
0.100575
0.162324
0.208129
0.250192
0.282504
0.29736
0.309731
0.305405
0.301005
0.283139
0.258939
0.227728
0.197167
0.158373
0.133879
0.120554
0.11251
0.110743
0.116255
0.121997
0.140244
0.1582
0.178615
0.194059
0.217999
0.232792
0.252248
