-1.08395
-1.01158
-0.577394
-0.280418
-0.114071
-0.0340982
0.00354239
0.0197688
0.0280881
0.0325545
0.03377
0.0345594
0.034558
0.034126
0.0337937
0.0335615
0.0326408
0.0327065
0.0328726
0.0326269
0.0322971
0.0316082
0.0307168
0.0305573
0.0299483
0.0296756
0.0294626
0.0291582
0.0287041
0.0288717
0.0279463
0.0276828
0.0273006
0.0266489
0.0268186
0.0257419
0.0260682
0.0257354
0.0253587
0.0247847
0.0247068
0.0242446
0.0239273
0.0231356
0.0228935
0.0225517
0.0225958
0.0220175
0.0219766
0.0217603
0.0212331
0.0207063
0.0207755
0.0206138
0.0206848
0.0204725
0.0199492
0.0197732
0.020553
0.0199097
0.0194391
0.0188036
0.0182832
0.0176821
0.0181342
0.0177157
0.0172813
0.0170862
0.0165316
0.016797
0.016342
0.0158572
0.0158246
0.0165477
0.0151866
0.0160034
0.014979
0.0142642
0.0150821
0.0145055
0.0134786
0.0136954
0.0145505
0.0142711
0.0134164
0.0128971
0.0129928
0.0122698
0.0123421
0.0116461
0.0127674
0.0110186
