2.04717
2.23093
1.48749
0.85125
0.465847
0.251983
0.118839
0.0555365
0.02179
-0.00527972
-0.0123181
-0.0205318
-0.0220065
-0.0213165
-0.0216429
-0.0218757
-0.0198359
-0.0213688
-0.0239318
-0.0247946
-0.0249039
-0.0231664
-0.0215262
-0.0229651
-0.0214566
-0.0217455
-0.0218529
-0.022149
-0.0210555
-0.0248011
-0.0218087
-0.0221853
-0.0209137
-0.0200047
-0.0226331
-0.018578
-0.0220461
-0.0215661
-0.0210795
-0.0202211
-0.0211514
-0.0204163
-0.0204354
-0.0183196
-0.0186557
-0.0185212
-0.0199901
-0.0188064
-0.0195765
-0.0195805
-0.0186157
-0.0170724
-0.018638
-0.0111558
-0.0208147
-0.0205171
-0.0193485
-0.0113705
-0.0250199
-0.0223171
-0.0216617
-0.0205809
-0.0191917
-0.00983218
-0.0213985
-0.019599
-0.0187763
-0.0191268
-0.0101608
-0.0207497
-0.0191619
-0.0178574
-0.0110147
-0.023302
-0.0185687
-0.0172533
-0.0197683
-0.0174085
-0.0161932
-0.0210959
-0.016965
-0.0106491
-0.0177042
-0.018471
-0.0212242
-0.0120586
-0.0211815
-0.0115844
-0.0202822
-0.0105107
-0.0261117
-0.00925065
