-0.235043
0.394716
0.925028
0.928505
0.665713
0.398782
0.221094
0.11802
0.0589249
0.0310546
0.0207946
0.0127389
0.0112089
0.0117328
0.00885766
0.00798669
0.00895878
0.00650934
0.00649803
0.00676236
0.00582105
0.00447364
0.00596198
0.00809853
0.00707517
0.00627799
0.00576985
0.0062114
0.00555048
0.00614991
0.0077853
0.00753885
0.0054252
0.00755709
0.0069364
0.00639718
0.00772892
0.00569099
0.00582331
0.0071976
0.00647914
0.00585212
0.00821317
0.00545261
0.00565839
0.0046669
0.00684471
0.00626048
0.0049166
0.00458017
0.00567034
0.00546943
0.00719097
-0.000587144
0.00467446
0.0054827
0.0056347
-0.000857922
0.00766986
0.00581622
0.0065586
0.00740542
0.00699528
0.00206774
0.00895682
0.00562362
0.00487023
0.00552473
-0.000490181
0.00843866
0.00628704
0.00320601
0.00114843
0.00819884
0.0075174
-0.00391602
0.0105553
0.00903024
-0.00417178
0.0108419
0.00890324
0.0019727
-0.00299964
-0.00147672
0.0106853
0.00287509
0.0104751
0.00398971
0.0105331
0.00349293
0.00607401
0.00327691
