0.00490563
0.0796227
0.176701
0.289559
0.412686
0.543122
0.683336
0.823349
0.96675
1.11406
1.25911
1.40102
1.5
1.5
1.5
1.5
1.5
1.5
1.5
1.5
1.5
1.5
1.5
1.5
1.5
1.5
1.5
1.5
1.5
1.5
1.5
1.5
1.5
1.5
1.5
1.5
1.5
1.5
1.5
1.5
1.5
1.5
1.5
1.5
1.5
1.5
1.5
1.5
1.5
1.5
1.5
1.5
1.5
1.5
1.37591
1.12745
0.872006
0.623796
0.389707
0.163395
-0.0479473
-0.242192
-0.419801
-0.580403
-0.725773
-0.854293
-0.966813
-1.06807
-1.15583
-1.23168
-1.29708
-1.35395
-1.4027
-1.44538
-1.4801
-1.5
-1.5
-1.5
-1.5
-1.5
-1.4898
-1.45609
-1.41399
-1.36606
-1.31792
-1.26294
-1.20632
-1.15275
-1.0948
-1.04005
-0.987117
-0.935667
-0.884793
-0.842916
-0.801843
-0.769843
-0.740406
-0.716618
-0.702748
-0.690659
-0.687865
-0.68521
-0.690086
-0.698283
-0.710287
-0.721475
-0.737188
-0.744929
-0.746581
-0.745074
-0.740273
-0.731426
-0.722629
-0.706663
-0.690802
-0.673974
-0.659835
-0.641119
-0.627799
-0.612159
