0.0799779
0.0854686
0.0467778
0.0985134
0.120927
0.0772647
0.118613
0.0916761
0.0916484
0.098215
0.0837385
0.0915423
0.0950386
0.0969985
0.105661
0.1038
0.117986
0.118492
0.122166
0.116538
0.112719
0.104583
0.10174
0.109727
0.0994621
0.114083
0.103004
0.105827
0.0971347
0.0936892
0.0982531
0.107398
0.089932
0.110717
0.130602
0.0567903
0.119629
0.113455
0.136215
0.142628
0.145635
0.142334
0.150125
0.144885
0.114422
0.0186518
0.141014
0.143202
0.146395
0.152159
0.157164
0.13036
-0.0347528
0.122229
0.132224
-0.028238
0.129027
0.113963
0.131626
0.109248
0.1187
0.108984
-0.0714142
0.0967425
0.107555
0.112305
0.125803
0.117636
0.133812
0.0981466
0.127873
0.102393
0.10816
0.117669
0.123922
0.0740014
0.154343
0.117735
-0.213368
0.12478
0.112893
0.0462633
0.151065
0.0737544
0.144155
0.0390605
-0.200512
0.0625921
0.0453401
0.0889441
0.013678
0.114528
0.0852653
0.0498197
-0.0129108
-0.234299
0.0180491
