-1.42451
-1.49244
-0.923305
-0.480714
-0.24786
-0.137504
-0.0730572
-0.0451235
-0.0307116
-0.017035
-0.0138696
-0.00961476
-0.00882102
-0.00907514
-0.00917903
-0.00904877
-0.010137
-0.00941944
-0.00771754
-0.00705962
-0.00703336
-0.00821453
-0.00897444
-0.00774123
-0.00871789
-0.00858454
-0.00852224
-0.00818987
-0.00885853
-0.00643801
-0.00796153
-0.00770201
-0.00868649
-0.00889934
-0.00733065
-0.00977095
-0.00742432
-0.00789195
-0.00811995
-0.00844325
-0.00789132
-0.00836002
-0.0079419
-0.00951573
-0.00922986
-0.0093687
-0.00812918
-0.00887319
-0.00850001
-0.00849733
-0.00890962
-0.0098059
-0.00859816
-0.0135827
-0.00749839
-0.00752943
-0.00817804
-0.0132724
-0.00435266
-0.00615994
-0.00640756
-0.00690077
-0.00770307
-0.0134778
-0.00603721
-0.00751106
-0.00802422
-0.00770205
-0.0133642
-0.00626579
-0.00741639
-0.00857345
-0.0124116
-0.00454305
-0.00745449
-0.00910553
-0.00623047
-0.00779848
-0.00961623
-0.00530391
-0.00792821
-0.0120662
-0.00837166
-0.00771784
-0.00496746
-0.0109313
-0.00494822
-0.0109355
-0.00537445
-0.0115738
-0.00233719
-0.0122521
