-1.32306
-1.30869
-1.32349
-1.21529
-1.15114
-1.24758
-1.16629
-1.19824
-1.16749
-1.08038
-1.15835
-1.10759
-1.08407
-1.05669
-0.987042
-0.940716
-1.00299
-0.898677
-0.775058
-0.757832
-0.685062
-0.663246
-0.972981
-0.865021
-0.834486
-0.807975
-0.796588
-0.711235
-0.733286
-0.613911
-0.743043
-0.670904
-0.606172
-0.779035
-0.84208
-0.392562
-0.723163
-0.70694
-0.795702
-0.801402
-0.794992
-0.758626
-0.773126
-0.74007
-0.641624
-0.223047
-0.672745
-0.67101
-0.666161
-0.676742
-0.697765
-0.614063
-0.0595334
-0.550746
-0.581775
-0.06578
-0.549824
-0.512909
-0.514417
-0.462499
-0.503365
-0.472439
0.0914541
-0.382674
-0.42156
-0.455112
-0.456029
-0.456576
-0.471052
-0.355293
-0.449628
-0.363605
-0.398321
-0.439383
-0.443185
-0.283966
-0.510985
-0.404997
0.456306
-0.41271
-0.369635
-0.182674
-0.462681
-0.261833
-0.453072
-0.15493
0.417491
-0.202923
-0.144861
-0.276916
-0.0760257
-0.346684
-0.275969
-0.174087
0.00366585
0.530742
-0.0624995
