0.00855513
0.455959
0.766061
0.7089
0.482817
0.273442
0.138423
0.06169
0.0180304
-0.00246277
-0.00969894
-0.0153608
-0.0162364
-0.0155731
-0.0173231
-0.0176751
-0.0165839
-0.018133
-0.0179394
-0.0174954
-0.0178888
-0.0185028
-0.0170417
-0.0152988
-0.0157279
-0.0160426
-0.0161967
-0.0156314
-0.0158223
-0.0152147
-0.0137153
-0.013667
-0.0149073
-0.0131337
-0.0133931
-0.0134542
-0.0123769
-0.0135792
-0.0132659
-0.0120447
-0.0123788
-0.0125711
-0.01068
-0.0122875
-0.0119545
-0.0123911
-0.0107554
-0.0109004
-0.0116699
-0.0117322
-0.0107627
-0.0106837
-0.00938767
-0.0147161
-0.0108756
-0.010174
-0.00985471
-0.0142983
-0.00824158
-0.00930407
-0.008561
-0.00772877
-0.00776002
-0.01105
-0.00613413
-0.00825422
-0.00856713
-0.0079718
-0.0120445
-0.00567239
-0.00693533
-0.00889222
-0.010307
-0.00532423
-0.00547554
-0.01358
-0.00314564
-0.00397737
-0.0132813
-0.00253788
-0.00360111
-0.0083989
-0.0119277
-0.0107108
-0.00189039
-0.00719214
-0.00175245
-0.006095
-0.00138379
-0.00614454
-0.00443401
-0.00601289
