-0.77863
-1.35174
-1.5
-1.5
-1.5
-1.5
-1.5
-1.5
-1.5
-1.5
-1.5
-1.5
-1.5
-1.5
-1.5
-1.5
-1.5
-1.5
-1.5
-1.5
-1.5
-1.5
-1.5
-1.5
-1.5
-1.5
-1.5
-1.5
-1.5
-1.5
-1.5
-1.5
-1.5
-1.5
-1.5
-1.5
-1.5
-1.5
-1.5
-1.5
-1.5
-1.5
-1.5
-1.5
-1.5
-1.5
-1.5
-1.5
-1.5
-1.5
-1.5
-1.5
-1.5
-1.5
-1.5
-1.5
-1.5
-1.5
-1.5
-1.5
-1.5
-1.5
-1.5
-1.5
-1.5
-1.5
-1.5
-1.5
-1.5
-1.5
-1.5
-1.5
-1.15767
-0.731869
-0.321222
0.0219136
0.30134
0.526109
0.711432
0.884079
1.04527
1.19453
1.32997
1.45008
1.5
1.5
1.5
1.5
1.5
1.5
1.5
1.5
1.5
1.5
1.5
1.5
1.5
1.5
1.47178
1.34886
1.21307
1.06577
0.907375
0.739389
0.562532
0.379766
0.198151
0.0482396
-0.0742352
-0.17221
-0.249936
-0.310314
-0.355953
-0.389055
-0.411182
-0.426594
-0.434851
-0.437854
-0.436692
-0.432264
