-0.10359
-0.0986138
0.0180204
-0.131516
-0.196332
0.00629448
-0.113435
0.00321931
0.000555995
-0.0679047
0.0679724
0.0241846
0.0197178
0.0158082
-0.0328026
-0.066024
0.0107391
-0.0889655
-0.204762
-0.181329
-0.24313
-0.229688
0.19014
0.0453175
0.0817001
0.021997
0.0726896
-0.0384726
0.0274397
-0.0925675
0.0908776
-0.00267519
-0.0341067
0.172259
0.249213
-0.239809
0.146853
0.13763
0.243637
0.249284
0.250318
0.20899
0.228727
0.200044
0.117919
-0.283479
0.172843
0.176804
0.178588
0.197955
0.228887
0.146475
-0.373975
0.118439
0.153935
-0.326688
0.149326
0.120287
0.131687
0.08882
0.120138
0.11006
-0.39558
0.048153
0.0969684
0.122796
0.139344
0.1359
0.16028
0.0579976
0.143374
0.0725121
0.102789
0.137953
0.137756
0.0187543
0.204664
0.121622
-0.598628
0.149138
0.12256
-0.0268563
0.202294
0.0366948
0.195396
-0.0429571
-0.518996
0.0247353
-0.0167092
0.0874234
-0.0687124
0.141675
0.0802154
0.0122329
-0.119488
-0.552388
-0.0465649
