-1.31924
-1.30091
-1.34063
-1.21304
-1.13964
-1.25848
-1.1566
-1.20724
-1.17776
-1.09061
-1.17736
-1.122
-1.09719
-1.06995
-1.00093
-0.949897
-1.00825
-0.897129
-0.767347
-0.753792
-0.673559
-0.652614
-0.995336
-0.867268
-0.856641
-0.810167
-0.816129
-0.712743
-0.744618
-0.61624
-0.761115
-0.674444
-0.614024
-0.798825
-0.867154
-0.382478
-0.739088
-0.720448
-0.816893
-0.821049
-0.81583
-0.773776
-0.789073
-0.754379
-0.6539
-0.217247
-0.685063
-0.682954
-0.678407
-0.690821
-0.715221
-0.625037
-0.0469828
-0.561304
-0.59336
-0.0549103
-0.559655
-0.52143
-0.526352
-0.472536
-0.509283
-0.482967
0.0996684
-0.388651
-0.431899
-0.462096
-0.469405
-0.466241
-0.485658
-0.366168
-0.461576
-0.37451
-0.408065
-0.447876
-0.449666
-0.293777
-0.5198
-0.415022
0.463023
-0.419659
-0.380183
-0.192514
-0.472526
-0.26901
-0.461512
-0.163333
0.42415
-0.212815
-0.155514
-0.28563
-0.0850728
-0.351876
-0.278818
-0.181992
-0.00589718
0.535434
-0.0694875
