-1.06583
-1.03491
-1.04054
-0.946461
-0.886208
-0.935777
-0.859653
-0.874494
-0.845259
-0.787907
-0.819108
-0.779637
-0.755349
-0.731226
-0.683066
-0.651547
-0.660128
-0.599655
-0.526445
-0.513127
-0.469025
-0.456224
-0.605454
-0.539398
-0.53037
-0.49656
-0.497306
-0.443623
-0.45815
-0.39569
-0.457559
-0.406882
-0.383434
-0.455554
-0.47059
-0.281622
-0.408483
-0.401107
-0.430012
-0.424859
-0.418038
-0.395218
-0.394565
-0.377506
-0.347336
-0.186379
-0.337915
-0.331608
-0.32431
-0.323901
-0.333798
-0.305319
-0.118672
-0.275666
-0.283975
-0.117285
-0.269639
-0.260937
-0.242529
-0.231449
-0.242936
-0.236436
-0.0552194
-0.190703
-0.208244
-0.221767
-0.211913
-0.217876
-0.213742
-0.169853
-0.200941
-0.168767
-0.184387
-0.200919
-0.193627
-0.142136
-0.207209
-0.176567
0.0554962
-0.17814
-0.165275
-0.10947
-0.1849
-0.129291
-0.185159
-0.0937026
0.0393007
-0.112574
-0.0914633
-0.131367
-0.0763723
-0.145842
-0.12764
-0.101182
-0.048081
0.0714498
-0.0672348
