-0.592496
-1.04243
-1.43909
-1.5
-1.5
-1.5
-1.5
-1.5
-1.5
-1.5
-1.5
-1.5
-1.5
-1.5
-1.5
-1.5
-1.5
-1.5
-1.5
-1.5
-1.5
-1.5
-1.5
-1.5
-1.5
-1.5
-1.5
-1.5
-1.5
-1.5
-1.5
-1.5
-1.5
-1.5
-1.5
-1.5
-1.5
-1.5
-1.5
-1.5
-1.5
-1.5
-1.5
-1.5
-1.5
-1.5
-1.5
-1.5
-1.5
-1.5
-1.5
-1.5
-1.5
-1.5
-1.5
-1.5
-1.44295
-1.32307
-1.198
-1.07616
-0.953756
-0.827897
-0.700687
-0.573332
-0.445965
-0.319887
-0.192207
-0.0696145
0.0507942
0.168437
0.2815
0.389413
0.491011
0.584085
0.669213
0.740811
0.805886
0.865326
0.925302
0.987137
1.04817
1.10425
1.16079
1.21847
1.26886
1.32113
1.37175
1.4141
1.45781
1.49711
1.5
1.5
1.5
1.5
1.5
1.5
1.5
1.5
1.5
1.5
1.5
1.5
1.5
1.5
1.5
1.46063
1.40638
1.36377
1.33
1.3011
1.27808
1.26163
1.24516
1.23927
1.23419
1.2326
1.22971
1.23535
1.23583
1.24228
