1.04752
1.00461
0.997749
0.901435
0.838174
0.867166
0.790865
0.793123
0.759336
0.706146
0.718336
0.678561
0.650786
0.624137
0.58108
0.551911
0.545446
0.49839
0.443816
0.429497
0.396116
0.383782
0.468999
0.420904
0.411495
0.382583
0.379712
0.342211
0.347385
0.307252
0.337676
0.302467
0.287851
0.320484
0.320544
0.224011
0.27962
0.272643
0.280472
0.272667
0.2649
0.249141
0.244171
0.23264
0.218892
0.147884
0.204026
0.197417
0.190324
0.18663
0.188629
0.176311
0.107039
0.158387
0.158863
0.101209
0.149263
0.146032
0.13165
0.128422
0.130658
0.127901
0.0684512
0.104741
0.110346
0.115099
0.106737
0.110178
0.103989
0.0877483
0.0968429
0.0847399
0.0902982
0.095734
0.0902178
0.0731222
0.0895083
0.0806084
0.0274146
0.0790242
0.074673
0.0588736
0.0755297
0.0621249
0.0756695
0.0505107
0.0300385
0.054934
0.0476866
0.058125
0.0449177
0.0592369
0.0553252
0.049113
0.0349441
0.0186732
0.0376852
