6.14964
5.83587
5.94114
4.976
4.43713
5.02774
4.32768
4.51799
4.25831
3.68616
4.11001
3.73607
3.54559
3.3486
2.93657
2.66644
2.89651
2.36114
1.83119
1.73907
1.46639
1.3721
2.65114
2.05974
1.97014
1.7845
1.77268
1.40167
1.49026
1.07907
1.52302
1.22163
1.02852
1.63945
1.90509
0.529527
1.38599
1.31988
1.6746
1.6853
1.65699
1.48597
1.53902
1.40198
1.06104
0.25932
1.15027
1.13923
1.11976
1.15746
1.24197
0.94933
0.190418
0.764625
0.853057
0.153657
0.762639
0.664514
0.664795
0.538924
0.628626
0.563502
0.198097
0.365701
0.449472
0.519067
0.527957
0.525531
0.565454
0.317354
0.508967
0.330825
0.396228
0.482378
0.484772
0.204386
0.653668
0.408293
0.83585
0.426618
0.34618
0.0930361
0.544961
0.172243
0.520963
0.0692264
0.669767
0.109544
0.0609071
0.197029
0.0283137
0.304273
0.189266
0.0809905
0.0202129
0.935821
0.0186379
