4.89372
7.7894
9.19898
9.41122
9.49303
9.63561
9.85837
10.1542
10.5369
11.02
11.5834
12.2227
12.7966
13.1434
13.4866
13.676
13.6639
13.6526
13.6418
13.6313
13.6212
13.6121
13.6031
13.5943
13.5861
13.5784
13.5711
13.5643
13.5583
13.5524
13.5468
13.5417
13.5371
13.533
13.5292
13.5259
13.5231
13.5204
13.5185
13.517
13.5161
13.5152
13.5149
13.5151
13.5157
13.5166
13.518
13.5198
13.5221
13.5248
13.528
13.5315
13.5356
13.54
13.188
12.4202
10.9613
9.67913
8.74103
8.1049
7.73561
7.57764
7.58572
7.71698
7.93772
8.21109
8.50952
8.83549
9.15932
9.47427
9.77852
10.0707
8.57456
6.88856
4.47554
4.85451
6.84616
9.06503
9.4202
9.69185
9.95757
10.1741
10.3748
10.5665
10.5834
10.4538
10.3461
10.2585
10.1855
10.1381
10.0089
9.89385
9.79799
9.73194
9.67825
9.64308
9.61614
9.59732
9.50148
9.14468
8.78995
8.44782
8.1317
7.85367
7.62561
6.93894
4.89266
3.68523
3.01183
2.68119
2.54694
2.52359
2.54157
2.58898
2.62365
2.65827
2.6656
2.67756
2.66246
2.65217
