18.2756
20.0762
9.11813
3.55091
1.28131
0.416192
0.114609
0.0338229
0.0115683
0.00532215
0.00476749
0.00473186
0.00477092
0.00468211
0.0046719
0.00464999
0.00448861
0.00455386
0.00464963
0.00465593
0.00463152
0.00449192
0.00431033
0.00432093
0.00419857
0.00418779
0.00417127
0.00413561
0.00404994
0.00424219
0.0039718
0.00396344
0.00389107
0.00377531
0.00390265
0.00365615
0.00378884
0.00374016
0.00368428
0.00359679
0.00362312
0.00355704
0.00351035
0.00339521
0.00337697
0.00335346
0.00337272
0.0032915
0.00331324
0.00329832
0.003223
0.00314568
0.00317523
0.00315893
0.00325775
0.00322239
0.00313663
0.0030618
0.00352814
0.00326336
0.00319276
0.00309467
0.00298828
0.00283163
0.00310765
0.00296682
0.00290115
0.00290511
0.00278519
0.00298279
0.0028518
0.00278901
0.00262829
0.00314082
0.00276686
0.00272635
0.00284767
0.00267319
0.00264767
0.00292778
0.00261147
0.00243901
0.00259105
0.00257457
0.00287744
0.00234177
0.00285433
0.00228432
0.00276117
0.0022742
0.00322417
0.00226757
