0.0425508
0.0414375
0.0400548
0.0385331
0.0370757
0.0356609
0.0341234
0.0327352
0.0312928
0.0298108
0.028353
0.0268781
0.0254166
0.0238771
0.0225302
0.0210825
0.019681
0.0183791
0.0171275
0.0159003
0.0147324
0.013675
0.0126167
0.0115866
0.010629
0.00972048
0.00885629
0.00805216
0.00734389
0.00662912
0.00596231
0.0053451
0.00478128
0.00427738
0.00380242
0.00338378
0.00302411
0.00267858
0.00241753
0.00220278
0.00204723
0.00190063
0.0018203
0.00178666
0.00180252
0.00184908
0.00195427
0.00210973
0.00231405
0.00255891
0.00286481
0.00320778
0.00360146
0.00403944
0.00454199
0.00507077
0.00556683
0.00600878
0.00640735
0.00671699
0.00695993
0.00716782
0.00734843
0.00749812
0.00765409
0.00777516
0.00797194
0.00817511
0.00839274
0.00867018
0.00904464
0.00942604
0.00982465
0.0102995
0.0105727
0.0105577
0.0102678
0.00980458
0.00919921
0.00852737
0.00790572
0.00732068
0.00670151
0.0060772
0.00550954
0.00491433
0.00438129
0.00393631
0.00345736
0.00304033
0.00264089
0.00226691
0.0019074
0.00160089
0.00129853
0.00105455
0.000816086
0.000621606
0.000479204
0.000354629
0.000278949
0.000221879
0.00020361
0.000209451
0.000234527
0.000267054
0.000313968
0.000350525
0.000373189
0.000377707
0.00037583
0.000367331
0.000352857
0.000332357
0.000302731
0.000281699
0.000257908
0.000232728
0.000210577
0.000189309
