0.0426073
0.0246238
0.0114987
0.00487402
0.00185806
0.000743673
0.000410722
0.000325823
0.000299495
0.000293969
0.000295607
0.00029334
0.000292587
0.000290178
0.000290081
0.000288661
0.000287206
0.000286766
0.000284134
0.000281845
0.000280622
0.00028034
0.000278316
0.000275669
0.000274587
0.000273869
0.000273043
0.000270843
0.00026982
0.000267786
0.000265377
0.000264368
0.000264767
0.0002622
0.000261507
0.000260051
0.000257994
0.000257375
0.000256598
0.000255517
0.000254297
0.00025364
0.000250832
0.000251169
0.000250003
0.000249459
0.000246687
0.000246318
0.000245469
0.000245032
0.000244329
0.000243571
0.000241969
0.000230665
0.000240687
0.000239891
0.000239356
0.000227316
0.000234811
0.000235216
0.000234083
0.00023285
0.000232121
0.000220852
0.000229084
0.000230882
0.000229998
0.000229467
0.000218308
0.000226015
0.000226236
0.000227671
0.000213925
0.000222243
0.000223317
0.000210603
0.000219583
0.000220051
0.000208487
0.000218113
0.000218074
0.00020694
0.000204793
0.00020416
0.000213828
0.000203814
0.000213043
0.000201124
0.00021161
0.000200919
0.000209087
0.00019995
