0.0425712
0.0397939
0.0371648
0.0348667
0.0324725
0.0302873
0.0284347
0.0265564
0.0249014
0.0233642
0.0218946
0.0206636
0.0194566
0.0182912
0.0171796
0.0161002
0.0151115
0.0141683
0.0132072
0.0122096
0.0112972
0.0104015
0.00963106
0.00920198
0.00868105
0.00821654
0.00771653
0.00730542
0.00684014
0.00645654
0.00600366
0.00573503
0.00536
0.00504254
0.00485256
0.00464239
0.00427735
0.00406097
0.00389684
0.00376962
0.0036517
0.00352322
0.00340076
0.00328642
0.0031288
0.00298999
0.00271992
0.002606
0.00250897
0.00240619
0.00232241
0.00224697
0.00215495
0.00193238
0.00184472
0.00176509
0.00157356
0.00151281
0.00146816
0.00141303
0.00134446
0.00128804
0.00125066
0.00109713
0.00103916
0.000988906
0.000967855
0.000927421
0.000907389
0.000894388
0.000845469
0.000829601
0.000791619
0.000753727
0.000739258
0.000723904
0.000681793
0.000680147
0.000659957
0.000523038
0.000519354
0.000512266
0.000473733
0.000472235
0.000444587
0.000458509
0.000424333
0.000340734
0.00032972
0.000306859
0.000302769
0.000274348
0.00027556
0.00027219
0.000261033
0.000234191
0.0001752
