0.792604
0.731886
0.694835
0.675654
0.665646
0.66018
0.657326
0.655741
0.654765
0.654402
0.65418
0.654197
0.654197
0.654242
0.654185
0.654295
0.654377
0.654327
0.654329
0.654379
0.654446
0.654484
0.654597
0.654636
0.654672
0.654694
0.654758
0.654818
0.654916
0.655015
0.655064
0.655087
0.655182
0.655183
0.655248
0.655347
0.655422
0.655506
0.655523
0.655661
0.655783
0.655849
0.655881
0.655889
0.655903
0.655961
0.656083
0.656228
0.656376
0.656412
0.656518
0.656563
0.656705
0.656478
0.656655
0.656672
0.656759
0.65655
0.656756
0.656846
0.656933
0.657127
0.657248
0.65707
0.657201
0.657258
0.657337
0.657357
0.657248
0.65745
0.657554
0.657594
0.657451
0.657674
0.65773
0.657665
0.657835
0.657974
0.657896
0.658102
0.658145
0.658098
0.658097
0.65808
0.658251
0.658082
0.658327
0.658209
0.658448
0.65843
0.658715
0.658594
