2.1187
2.1184
2.11818
2.11825
2.1184
2.11868
2.11925
2.11998
2.12097
2.12218
2.12365
2.12543
2.12755
2.12989
2.13254
2.13522
2.13784
2.14049
2.1432
2.14583
2.14847
2.15113
2.15379
2.15648
2.15909
2.16171
2.16432
2.16692
2.16967
2.1723
2.1749
2.17756
2.18018
2.18287
2.18555
2.1882
2.19087
2.1935
2.19628
2.19895
2.20161
2.20429
2.20694
2.20966
2.21229
2.21489
2.21753
2.22014
2.22275
2.22536
2.22803
2.23068
2.23335
2.23597
2.23859
2.24112
2.24308
2.24465
2.24563
2.24612
2.24621
2.2459
2.24525
2.24442
2.24328
2.24189
2.24028
2.23867
2.23683
2.23488
2.23283
2.23088
2.22876
2.22668
2.2245
2.22232
2.22024
2.21813
2.21605
2.21408
2.21231
2.2106
2.20903
2.2077
2.20644
2.20536
2.20445
2.20372
2.20314
2.20276
2.20247
2.20238
2.2024
2.20249
2.20276
2.20305
2.20351
2.20394
2.20437
2.20488
2.20539
2.20584
2.20627
2.20675
2.20725
2.20752
2.20776
2.20791
2.20807
2.20818
2.20841
2.20872
2.20884
2.2091
2.20931
2.20964
2.21006
2.21038
2.21077
2.21116
