0.848452
0.845695
0.843017
0.840278
0.83766
0.835031
0.832354
0.829743
0.827063
0.824327
0.821679
0.818939
0.816327
0.813546
0.810911
0.80814
0.805392
0.802746
0.800033
0.797352
0.794698
0.792063
0.789281
0.786508
0.78387
0.781265
0.778473
0.775812
0.773141
0.770458
0.767664
0.764931
0.762253
0.759607
0.756823
0.754198
0.75152
0.748752
0.746003
0.743398
0.740793
0.738007
0.735248
0.732572
0.729854
0.727071
0.724333
0.721621
0.719014
0.716258
0.71362
0.711015
0.708356
0.705675
0.703043
0.700394
0.697627
0.69496
0.692252
0.689581
0.686911
0.684166
0.681536
0.678907
0.676283
0.673538
0.670784
0.668061
0.665413
0.662723
0.660049
0.657333
0.654673
0.651985
0.651044
0.651642
0.653683
0.656464
0.659239
0.66196
0.664606
0.667347
0.670051
0.672742
0.675441
0.678109
0.680846
0.683554
0.686189
0.688915
0.691567
0.694224
0.696827
0.699515
0.702246
0.705037
0.707723
0.710502
0.713141
0.7158
0.718431
0.721128
0.723783
0.726493
0.729116
0.731668
0.733382
0.734472
0.734861
0.734956
0.734529
0.73397
0.733179
0.732249
0.731204
0.730113
0.728872
0.727743
0.726449
0.725189
