3.93653
3.93913
3.94187
3.94466
3.94727
3.94988
3.95251
3.95512
3.95779
3.96053
3.96315
3.96587
3.9685
3.97117
3.97378
3.97655
3.97934
3.98194
3.9846
3.98721
3.98985
3.99254
3.99515
3.99786
4.00047
4.0032
4.00598
4.0087
4.01148
4.01417
4.01682
4.01944
4.02209
4.02475
4.02738
4.03006
4.03268
4.03538
4.03807
4.04073
4.04348
4.04609
4.04876
4.05139
4.05404
4.05668
4.05931
4.06205
4.06484
4.06752
4.07019
4.07294
4.07558
4.07826
4.08093
4.08371
4.08647
4.08911
4.0919
4.09455
4.09728
4.09991
4.10259
4.10535
4.10796
4.11072
4.11338
4.11604
4.11865
4.12129
4.12402
4.12665
4.12874
4.12965
4.12946
4.1282
4.12626
4.12364
4.12085
4.1182
4.11545
4.11272
4.10998
4.10728
4.10467
4.1019
4.09917
4.09648
4.09386
4.09116
4.08849
4.0857
4.08297
4.0802
4.07743
4.07466
4.07193
4.06918
4.06651
4.06374
4.06111
4.05836
4.05559
4.05285
4.05023
4.04755
4.0454
4.04365
4.0422
4.04106
4.0402
4.0394
4.03875
4.03816
4.03765
4.03736
4.03702
4.03672
4.03648
4.0362
