2.11473
2.12191
2.13849
2.15511
2.16709
2.17418
2.17817
2.18021
2.18122
2.18174
2.18211
2.18226
2.18236
2.1825
2.18263
2.18273
2.18282
2.18299
2.18307
2.18318
2.18327
2.18333
2.18348
2.18354
2.18362
2.18367
2.18374
2.18378
2.18383
2.18393
2.18397
2.18406
2.18418
2.18422
2.18433
2.18436
2.18445
2.18453
2.18455
2.1846
2.18466
2.18482
2.18487
2.18505
2.18506
2.18522
2.18524
2.18536
2.18544
2.18547
2.18549
2.18558
2.18562
2.18567
2.18574
2.18577
2.18579
2.18579
2.18588
2.18595
2.18603
2.18608
2.18622
2.18618
2.18627
2.18638
2.18646
2.18653
2.18659
2.18666
2.18685
2.18692
2.18688
2.18696
2.18702
2.18695
2.18707
2.18719
2.18718
2.18732
2.18741
2.18746
2.18749
2.18753
2.18778
2.18776
2.18787
2.18792
2.18802
2.18807
2.1881
2.18818
