-1.85161
-1.85071
-1.85024
-1.84934
-1.84807
-1.84734
-1.84625
-1.84538
-1.84453
-1.8435
-1.84261
-1.84163
-1.84064
-1.83971
-1.83865
-1.83752
-1.83629
-1.83512
-1.8338
-1.83273
-1.83152
-1.83052
-1.82949
-1.82841
-1.82741
-1.82621
-1.82523
-1.82408
-1.82317
-1.82227
-1.82133
-1.82034
-1.8194
-1.81827
-1.81697
-1.81647
-1.81529
-1.81411
-1.81279
-1.81139
-1.8099
-1.80843
-1.80685
-1.80532
-1.80412
-1.80397
-1.80247
-1.80098
-1.79951
-1.79792
-1.79637
-1.79512
-1.79547
-1.79416
-1.79282
-1.7932
-1.79194
-1.79076
-1.78936
-1.78827
-1.78702
-1.78585
-1.78664
-1.78565
-1.78466
-1.78351
-1.78227
-1.78109
-1.77981
-1.77875
-1.77741
-1.7764
-1.77525
-1.77404
-1.77273
-1.77195
-1.77046
-1.76927
-1.77144
-1.77026
-1.76907
-1.76865
-1.76723
-1.76643
-1.76507
-1.76462
-1.76663
-1.7661
-1.76568
-1.76469
-1.76454
-1.76336
-1.76261
-1.76202
-1.76208
-1.76449
-1.76436
