3.92126
3.90812
3.89485
3.88275
3.87122
3.85867
3.84693
3.83496
3.82322
3.81247
3.80089
3.78979
3.77893
3.76832
3.75836
3.74896
3.73886
3.72983
3.72209
3.71453
3.70759
3.70092
3.69118
3.68245
3.67404
3.66589
3.65788
3.65082
3.64341
3.63718
3.62969
3.62292
3.61677
3.609
3.60055
3.59666
3.58937
3.58229
3.57436
3.56635
3.55834
3.55084
3.54316
3.5357
3.52925
3.52701
3.52026
3.51355
3.50685
3.50002
3.49301
3.48683
3.48619
3.4807
3.47482
3.47423
3.46877
3.46364
3.45854
3.45399
3.44895
3.44417
3.44503
3.44113
3.43693
3.43232
3.42776
3.42315
3.41842
3.41479
3.41027
3.40673
3.40275
3.39828
3.39391
3.39102
3.38596
3.38184
3.38632
3.38223
3.3785
3.37658
3.37191
3.36937
3.36477
3.36314
3.36726
3.36514
3.36362
3.36076
3.35996
3.35649
3.35364
3.35195
3.3519
3.35713
3.35648
