2.12951
2.13949
2.14955
2.15854
2.16688
2.17556
2.18342
2.19126
2.19885
2.20588
2.21298
2.21973
2.22614
2.23228
2.23807
2.2435
2.24905
2.254
2.2584
2.2628
2.26681
2.27065
2.27524
2.2794
2.28341
2.28719
2.2909
2.29422
2.29761
2.3006
2.30391
2.30683
2.30969
2.31289
2.31608
2.31837
2.32113
2.32383
2.32664
2.32937
2.33192
2.33449
2.33684
2.33922
2.34145
2.34289
2.34487
2.34687
2.34878
2.35067
2.35255
2.35434
2.35549
2.35698
2.35855
2.35948
2.36096
2.36234
2.36365
2.36497
2.36632
2.36752
2.36818
2.36924
2.37033
2.37144
2.37241
2.37348
2.37453
2.37539
2.3763
2.37708
2.37799
2.37897
2.3798
2.38053
2.38139
2.38215
2.38234
2.38311
2.38376
2.3844
2.38512
2.38568
2.38643
2.38685
2.38711
2.38761
2.38806
2.3887
2.38919
2.38969
2.3903
2.3907
2.39107
2.39121
2.39166
