-1.85242
-1.8522
-1.85187
-1.85129
-1.85057
-1.84953
-1.84827
-1.84675
-1.84492
-1.8429
-1.84062
-1.83802
-1.83527
-1.83255
-1.82986
-1.82709
-1.82434
-1.82173
-1.81901
-1.81628
-1.81352
-1.81087
-1.80815
-1.80542
-1.80267
-1.79994
-1.79722
-1.79458
-1.79183
-1.78918
-1.78656
-1.78392
-1.78112
-1.77834
-1.77556
-1.77287
-1.77009
-1.76746
-1.76466
-1.76194
-1.75919
-1.75648
-1.75374
-1.75095
-1.74834
-1.74572
-1.74311
-1.74033
-1.73768
-1.73506
-1.73228
-1.72962
-1.72686
-1.72419
-1.7217
-1.71961
-1.71804
-1.71692
-1.71618
-1.71596
-1.71595
-1.71641
-1.7171
-1.71821
-1.71946
-1.72109
-1.72289
-1.72482
-1.72698
-1.72912
-1.7314
-1.73381
-1.7363
-1.73899
-1.74159
-1.74426
-1.74705
-1.74969
-1.7524
-1.7551
-1.75779
-1.76045
-1.76298
-1.76539
-1.76769
-1.76993
-1.77217
-1.77433
-1.77638
-1.7782
-1.77992
-1.78166
-1.78325
-1.78471
-1.7861
-1.78741
-1.78882
-1.79001
-1.79132
-1.79251
-1.79384
-1.79517
-1.79639
-1.79771
-1.79894
-1.80019
-1.80159
-1.80288
-1.80426
-1.80568
-1.80701
-1.80841
-1.80967
-1.81102
-1.81223
-1.81349
-1.81462
-1.81583
-1.81706
-1.81814
