-1.88303
-1.9012
-1.91169
-1.91673
-1.91873
-1.91939
-1.91942
-1.91903
-1.91862
-1.91797
-1.91727
-1.91655
-1.91595
-1.91542
-1.91479
-1.91415
-1.91351
-1.91302
-1.91235
-1.91179
-1.91119
-1.91053
-1.90993
-1.90936
-1.90881
-1.90821
-1.90773
-1.90713
-1.90654
-1.90595
-1.90542
-1.90494
-1.90446
-1.90401
-1.90346
-1.90305
-1.90251
-1.90201
-1.90152
-1.90108
-1.90064
-1.90025
-1.89974
-1.89927
-1.89879
-1.89829
-1.89796
-1.89754
-1.89707
-1.89665
-1.8963
-1.89597
-1.89569
-1.89527
-1.89493
-1.89465
-1.89427
-1.89385
-1.8934
-1.89304
-1.89264
-1.89225
-1.89184
-1.89144
-1.89111
-1.89076
-1.89035
-1.89011
-1.88991
-1.88952
-1.88919
-1.88887
-1.88865
-1.88827
-1.88801
-1.88771
-1.88747
-1.88723
-1.88689
-1.88666
-1.88634
-1.88605
-1.88576
-1.88544
-1.88521
-1.88489
-1.88459
-1.88431
-1.88399
-1.88383
-1.88362
-1.88335
