-1.56861
-1.59552
-1.61205
-1.62067
-1.6252
-1.62759
-1.62899
-1.6297
-1.63018
-1.6305
-1.63076
-1.63085
-1.63106
-1.63116
-1.6313
-1.63149
-1.63158
-1.63167
-1.63187
-1.63207
-1.63221
-1.63228
-1.63244
-1.63258
-1.6327
-1.63285
-1.633
-1.63314
-1.63329
-1.6335
-1.63363
-1.63379
-1.63385
-1.63397
-1.63419
-1.63428
-1.63448
-1.63468
-1.63479
-1.63492
-1.63516
-1.63527
-1.63541
-1.63549
-1.6356
-1.6357
-1.63594
-1.6361
-1.63633
-1.63642
-1.63655
-1.63663
-1.63684
-1.63702
-1.63706
-1.63716
-1.63721
-1.6374
-1.63756
-1.63767
-1.63775
-1.63795
-1.63807
-1.63822
-1.63824
-1.63833
-1.63845
-1.63856
-1.63879
-1.63887
-1.63898
-1.6391
-1.63926
-1.63943
-1.63947
-1.63967
-1.63971
-1.63984
-1.64006
-1.64018
-1.64025
-1.64052
-1.6406
-1.64066
-1.64075
-1.64094
-1.64102
-1.64117
-1.64125
-1.64138
-1.64152
-1.64169
