3.97141
4.01152
4.03828
4.05353
4.06183
4.06633
4.06845
4.06944
4.06984
4.06972
4.06954
4.06919
4.06884
4.06838
4.06796
4.06758
4.06721
4.0669
4.06654
4.06601
4.06565
4.06531
4.06482
4.06435
4.06396
4.06351
4.0632
4.06286
4.06253
4.06214
4.0617
4.06121
4.06086
4.06045
4.06001
4.05969
4.05935
4.05894
4.05849
4.05803
4.05768
4.05729
4.05684
4.05646
4.05603
4.05577
4.05532
4.0549
4.05454
4.05427
4.05391
4.05362
4.05335
4.05306
4.05269
4.05235
4.05203
4.05177
4.05133
4.05096
4.05063
4.05028
4.04995
4.04983
4.0495
4.04914
4.04873
4.04832
4.04813
4.04769
4.0473
4.04705
4.04676
4.0463
4.04593
4.04556
4.04511
4.04471
4.04443
4.04403
4.04366
4.04346
4.04305
4.04274
4.04227
4.042
4.04156
4.04134
4.04096
4.04072
4.04017
4.03994
