-1.86461
-1.86649
-1.869
-1.87173
-1.87437
-1.87699
-1.87968
-1.88234
-1.88501
-1.88776
-1.8905
-1.89319
-1.89579
-1.8984
-1.90109
-1.90387
-1.90648
-1.90922
-1.912
-1.91478
-1.91747
-1.92009
-1.92279
-1.92551
-1.92824
-1.93092
-1.93356
-1.93618
-1.9389
-1.94154
-1.94425
-1.94693
-1.94972
-1.95235
-1.955
-1.95764
-1.96031
-1.96309
-1.9657
-1.96845
-1.97107
-1.97385
-1.97652
-1.97921
-1.98185
-1.98445
-1.98712
-1.98977
-1.99253
-1.99514
-1.99783
-2.00046
-2.00313
-2.00591
-2.00869
-2.01144
-2.01407
-2.01638
-2.0186
-2.02057
-2.02228
-2.02377
-2.02511
-2.02612
-2.02685
-2.02748
-2.02777
-2.02787
-2.02782
-2.02758
-2.02699
-2.02633
-2.02544
-2.02435
-2.02323
-2.02199
-2.02045
-2.01885
-2.01724
-2.01549
-2.01354
-2.01147
-2.0093
-2.00707
-2.00471
-2.00242
-1.99988
-1.99729
-1.99475
-1.9921
-1.98933
-1.98665
-1.98404
-1.98132
-1.97858
-1.97582
-1.97304
-1.97026
-1.96751
-1.9649
-1.96213
-1.95938
-1.9566
-1.9539
-1.95111
-1.94856
-1.94598
-1.94353
-1.94112
-1.93876
-1.93642
-1.93409
-1.93182
-1.92951
-1.92739
-1.92508
-1.92279
-1.92051
-1.9182
-1.91592
