-1.87411
-1.88439
-1.8947
-1.90415
-1.91308
-1.92238
-1.931
-1.9398
-1.94826
-1.95619
-1.96432
-1.97218
-1.97968
-1.98695
-1.99377
-2.00023
-2.00685
-2.01279
-2.01798
-2.02319
-2.02792
-2.03254
-2.03851
-2.04399
-2.04937
-2.0544
-2.0594
-2.06378
-2.06831
-2.07236
-2.07697
-2.08105
-2.08481
-2.08931
-2.09393
-2.09672
-2.10077
-2.10468
-2.10889
-2.11317
-2.11725
-2.12113
-2.125
-2.12884
-2.13232
-2.13412
-2.13758
-2.14082
-2.14401
-2.14731
-2.15063
-2.15371
-2.1548
-2.15752
-2.16027
-2.16154
-2.16428
-2.16685
-2.16927
-2.17156
-2.1739
-2.17621
-2.17684
-2.17875
-2.18075
-2.18295
-2.18503
-2.18723
-2.18937
-2.19112
-2.19314
-2.19475
-2.19653
-2.19861
-2.20054
-2.20187
-2.2039
-2.20571
-2.20511
-2.20685
-2.20861
-2.20962
-2.21138
-2.21258
-2.21444
-2.21542
-2.21511
-2.21623
-2.21723
-2.21864
-2.21933
-2.22074
-2.22207
-2.22311
-2.22363
-2.22294
-2.22352
