0.838078
0.82515
0.811692
0.799563
0.788176
0.775584
0.764036
0.751892
0.740086
0.729172
0.717348
0.706189
0.695217
0.684506
0.674496
0.664962
0.654833
0.64579
0.638104
0.630561
0.62375
0.617157
0.607107
0.59846
0.589965
0.581825
0.573572
0.566455
0.559107
0.553026
0.545369
0.538544
0.532376
0.524365
0.515758
0.511855
0.504391
0.497147
0.488981
0.480702
0.472551
0.464792
0.456901
0.449443
0.442813
0.440729
0.433849
0.42692
0.420075
0.413076
0.405903
0.399747
0.399284
0.393712
0.387745
0.387202
0.381592
0.376361
0.371068
0.366418
0.361227
0.356393
0.357462
0.353498
0.349178
0.344575
0.339922
0.335356
0.3304
0.326835
0.32215
0.318475
0.314431
0.309876
0.305418
0.302383
0.297269
0.293185
0.297725
0.293478
0.289737
0.287846
0.283119
0.280334
0.275758
0.274127
0.278423
0.276273
0.274788
0.271904
0.271009
0.267506
0.264799
0.263035
0.262883
0.268274
0.267504
