-1.5445
-1.54698
-1.5496
-1.55238
-1.55509
-1.55779
-1.56046
-1.56312
-1.56587
-1.56849
-1.57114
-1.57376
-1.57644
-1.57905
-1.58166
-1.58435
-1.58708
-1.58971
-1.5924
-1.5951
-1.59779
-1.60058
-1.60322
-1.60598
-1.60872
-1.61141
-1.61405
-1.61668
-1.61935
-1.62207
-1.62475
-1.62745
-1.63017
-1.63288
-1.63563
-1.63842
-1.64106
-1.64372
-1.64639
-1.64909
-1.65173
-1.65437
-1.65714
-1.65975
-1.66242
-1.66511
-1.66788
-1.67057
-1.6732
-1.6758
-1.67842
-1.68115
-1.68381
-1.68661
-1.68935
-1.69195
-1.69475
-1.6974
-1.70003
-1.70279
-1.70548
-1.70826
-1.71094
-1.71368
-1.71635
-1.71902
-1.72172
-1.72451
-1.7273
-1.72991
-1.73271
-1.73534
-1.73734
-1.73869
-1.7392
-1.73914
-1.73868
-1.73782
-1.73645
-1.73479
-1.73293
-1.73071
-1.72822
-1.72552
-1.72279
-1.71999
-1.71725
-1.71465
-1.71196
-1.70926
-1.7066
-1.70387
-1.70127
-1.69856
-1.69585
-1.69311
-1.69034
-1.68771
-1.68505
-1.68269
-1.68046
-1.67846
-1.67674
-1.67532
-1.67426
-1.67362
-1.67333
-1.67316
-1.67329
-1.67367
-1.67407
-1.67455
-1.67513
-1.67589
-1.67669
-1.67736
-1.67806
-1.67877
-1.67947
-1.68017
