-1.8524
-1.84415
-1.83027
-1.81753
-1.80885
-1.80391
-1.80144
-1.80043
-1.80008
-1.80009
-1.80026
-1.80061
-1.80091
-1.80126
-1.80149
-1.80181
-1.8022
-1.80243
-1.80275
-1.803
-1.80327
-1.80361
-1.80399
-1.80432
-1.80461
-1.80482
-1.80504
-1.80529
-1.8055
-1.80582
-1.80609
-1.80631
-1.80652
-1.80678
-1.80705
-1.8072
-1.80748
-1.80763
-1.8078
-1.80808
-1.8082
-1.80851
-1.80873
-1.80904
-1.8092
-1.80952
-1.80964
-1.80991
-1.81003
-1.81017
-1.81032
-1.81049
-1.81068
-1.81085
-1.81097
-1.81106
-1.81116
-1.81138
-1.81153
-1.81166
-1.8119
-1.81211
-1.81235
-1.81264
-1.81272
-1.81281
-1.81301
-1.81314
-1.81336
-1.81354
-1.81367
-1.81382
-1.81398
-1.81409
-1.81417
-1.81433
-1.81442
-1.81451
-1.8147
-1.81481
-1.81492
-1.81505
-1.81528
-1.81548
-1.8156
-1.81569
-1.81579
-1.81599
-1.8161
-1.81625
-1.81628
-1.81642
