-1.54412
-1.54508
-1.54498
-1.54632
-1.54835
-1.5482
-1.54938
-1.5493
-1.54937
-1.54997
-1.54928
-1.54905
-1.54877
-1.54871
-1.54912
-1.54973
-1.54955
-1.55039
-1.55245
-1.55435
-1.55679
-1.55908
-1.55721
-1.55666
-1.55584
-1.55559
-1.55491
-1.55524
-1.55493
-1.55589
-1.55494
-1.55487
-1.55513
-1.55331
-1.55074
-1.55311
-1.55163
-1.55031
-1.54778
-1.5452
-1.54269
-1.5407
-1.53832
-1.53635
-1.53518
-1.53797
-1.5363
-1.53463
-1.53274
-1.53082
-1.52849
-1.52707
-1.53074
-1.5295
-1.52795
-1.53126
-1.52984
-1.52859
-1.52717
-1.5262
-1.5249
-1.52374
-1.52765
-1.52708
-1.52605
-1.52483
-1.52336
-1.52209
-1.5204
-1.51974
-1.51835
-1.51752
-1.51642
-1.51502
-1.5136
-1.5134
-1.51127
-1.51001
-1.51601
-1.5145
-1.51319
-1.51344
-1.51142
-1.51105
-1.50903
-1.50936
-1.51447
-1.51418
-1.51426
-1.51329
-1.5139
-1.51244
-1.51156
-1.51135
-1.51245
-1.51793
-1.51837
