1.39223
1.46707
1.50951
1.52113
1.524
1.5248
1.52504
1.52512
1.52514
1.52515
1.52517
1.52517
1.52518
1.52519
1.5252
1.52521
1.52521
1.52522
1.52523
1.52523
1.52524
1.52525
1.52525
1.52526
1.52526
1.52527
1.52528
1.52528
1.52529
1.52529
1.52529
1.5253
1.52531
1.52531
1.52531
1.52532
1.52532
1.52533
1.52533
1.52533
1.52534
1.52534
1.52534
1.52535
1.52535
1.52536
1.52536
1.52536
1.52536
1.52537
1.52537
1.52538
1.52538
1.52535
1.52539
1.52539
1.52539
1.52537
1.5254
1.5254
1.52541
1.52541
1.52541
1.52539
1.52541
1.52542
1.52543
1.52543
1.52541
1.52543
1.52544
1.52544
1.52541
1.52544
1.52545
1.52542
1.52545
1.52546
1.52543
1.52546
1.52547
1.52544
1.52544
1.52544
1.52547
1.52545
1.52548
1.52545
1.52549
1.52546
1.52549
1.52547
