1.26693
1.30948
1.33064
1.33607
1.33736
1.33772
1.33783
1.33787
1.33787
1.33788
1.33789
1.33789
1.33789
1.33789
1.3379
1.3379
1.33791
1.33791
1.33791
1.33791
1.33792
1.33792
1.33792
1.33792
1.33793
1.33793
1.33793
1.33794
1.33794
1.33794
1.33794
1.33794
1.33795
1.33795
1.33795
1.33795
1.33795
1.33796
1.33796
1.33796
1.33796
1.33796
1.33796
1.33797
1.33797
1.33797
1.33797
1.33797
1.33797
1.33798
1.33798
1.33798
1.33798
1.33797
1.33798
1.33798
1.33799
1.33798
1.33799
1.33799
1.33799
1.33799
1.33799
1.33798
1.338
1.338
1.338
1.338
1.33799
1.338
1.33801
1.33801
1.338
1.33801
1.33801
1.338
1.33801
1.33801
1.338
1.33802
1.33802
1.33801
1.33801
1.33801
1.33802
1.33801
1.33803
1.33801
1.33803
1.33802
1.33803
1.33802
