1.1743
1.20038
1.21278
1.21588
1.21661
1.21682
1.21688
1.2169
1.2169
1.2169
1.21691
1.21691
1.21691
1.21691
1.21692
1.21692
1.21692
1.21692
1.21692
1.21692
1.21693
1.21693
1.21693
1.21693
1.21693
1.21693
1.21694
1.21694
1.21694
1.21694
1.21694
1.21694
1.21694
1.21694
1.21695
1.21695
1.21695
1.21695
1.21695
1.21695
1.21695
1.21695
1.21695
1.21695
1.21696
1.21696
1.21696
1.21696
1.21696
1.21696
1.21696
1.21696
1.21696
1.21696
1.21696
1.21696
1.21697
1.21696
1.21697
1.21697
1.21697
1.21697
1.21697
1.21696
1.21697
1.21697
1.21697
1.21697
1.21697
1.21697
1.21698
1.21698
1.21697
1.21698
1.21698
1.21697
1.21698
1.21698
1.21697
1.21698
1.21698
1.21698
1.21698
1.21698
1.21699
1.21698
1.21699
1.21698
1.21699
1.21698
1.21699
1.21698
